5 a 800 200 270 180
0.05 a 800 200 269 180
0.05 a 800 200 268 180
0.05 a 800 200 267 180
0.05 a 800 200 266 180
0.05 a 800 200 265 180
0.05 a 800 200 264 180
0.05 a 800 200 263 180
0.05 a 800 200 262 180
0.05 a 800 200 261 180
0.05 a 800 200 260 180
0.05 a 800 200 259 180
0.05 a 800 200 258 180
0.05 a 800 200 257 180
0.05 a 800 200 256 180
0.05 a 800 200 255 180
0.05 a 800 200 254 180
0.05 a 800 200 253 180
0.05 a 800 200 252 180
0.05 a 800 200 251 180
0.05 a 800 200 250 180
0.05 a 800 200 249 180
0.05 a 800 200 248 180
0.05 a 800 200 247 180
0.05 a 800 200 246 180
0.05 a 800 200 245 180
0.05 a 800 200 244 180
0.05 a 800 200 243 180
0.05 a 800 200 242 180
0.05 a 800 200 241 180
0.05 a 800 200 240 180
0.05 a 800 200 239 180
0.05 a 800 200 238 180
0.05 a 800 200 237 180
0.05 a 800 200 236 180
0.05 a 800 200 235 180
0.05 a 800 200 234 180
0.05 a 800 200 233 180
0.05 a 800 200 232 180
0.05 a 800 200 231 180
0.05 a 800 200 230 180
0.05 a 800 200 229 180
0.05 a 800 200 228 180
0.05 a 800 200 227 180
0.05 a 800 200 226 180
0.05 a 800 200 225 180
0.05 a 800 200 224 180
0.05 a 800 200 223 180
0.05 a 800 200 222 180
0.05 a 800 200 221 180
0.05 a 800 200 220 180
0.05 a 800 200 219 180
0.05 a 800 200 218 180
0.05 a 800 200 217 180
0.05 a 800 200 216 180
0.05 a 800 200 215 180
0.05 a 800 200 214 180
0.05 a 800 200 213 180
0.05 a 800 200 212 180
0.05 a 800 200 211 180
0.05 a 800 200 210 180
0.05 a 800 200 209 180
0.05 a 800 200 208 180
0.05 a 800 200 207 180
0.05 a 800 200 206 180
0.05 a 800 200 205 180
0.05 a 800 200 204 180
0.05 a 800 200 203 180
0.05 a 800 200 202 180
0.05 a 800 200 201 180
0.05 a 800 200 200 180
0.05 a 800 200 199 180
0.05 a 800 200 198 180
0.05 a 800 200 197 180
0.05 a 800 200 196 180
0.05 a 800 200 195 180
0.05 a 800 200 194 180
0.05 a 800 200 193 180
0.05 a 800 200 192 180
0.05 a 800 200 191 180
0.05 a 800 200 190 180
0.05 a 800 200 189 180
0.05 a 800 200 188 180
0.05 a 800 200 187 180
0.05 a 800 200 186 180
0.05 a 800 200 185 180
0.05 a 800 200 184 180
0.05 a 800 200 183 180
0.05 a 800 200 182 180
0.05 a 800 200 181 180
0.05 a 800 200 180 180
0.05 a 800 200 179 180
0.05 a 800 200 178 180
0.05 a 800 200 177 180
0.05 a 800 200 176 180
0.05 a 800 200 175 180
0.05 a 800 200 174 180
0.05 a 800 200 173 180
0.05 a 800 200 172 180
0.05 a 800 200 171 180
0.05 a 800 200 170 180
0.05 a 800 200 169 180
0.05 a 800 200 168 180
0.05 a 800 200 167 180
0.05 a 800 200 166 180
0.05 a 800 200 165 180
0.05 a 800 200 164 180
0.05 a 800 200 163 180
0.05 a 800 200 162 180
0.05 a 800 200 161 180
0.05 a 800 200 160 180
0.05 a 800 200 159 180
0.05 a 800 200 158 180
0.05 a 800 200 157 180
0.05 a 800 200 156 180
0.05 a 800 200 155 180
0.05 a 800 200 154 180
0.05 a 800 200 153 180
0.05 a 800 200 152 180
0.05 a 800 200 151 180
0.05 a 800 200 150 180
0.05 a 800 200 149 180
0.05 a 800 200 148 180
0.05 a 800 200 147 180
0.05 a 800 200 146 180
0.05 a 800 200 145 180
0.05 a 800 200 144 180
0.05 a 800 200 143 180
0.05 a 800 200 142 180
0.05 a 800 200 141 180
0.05 a 800 200 140 180
0.05 a 800 200 139 180
0.05 a 800 200 138 180
0.05 a 800 200 137 180
0.05 a 800 200 136 180
0.05 a 800 200 135 180
0.05 a 800 200 134 180
0.05 a 800 200 133 180
0.05 a 800 200 132 180
0.05 a 800 200 131 180
0.05 a 800 200 130 180
0.05 a 800 200 129 180
0.05 a 800 200 128 180
0.05 a 800 200 127 180
0.05 a 800 200 126 180
0.05 a 800 200 125 180
0.05 a 800 200 124 180
0.05 a 800 200 123 180
0.05 a 800 200 122 180
0.05 a 800 200 121 180
0.05 a 800 200 120 180
0.05 a 800 200 119 180
0.05 a 800 200 118 180
0.05 a 800 200 117 180
0.05 a 800 200 116 180
0.05 a 800 200 115 180
0.05 a 800 200 114 180
0.05 a 800 200 113 180
0.05 a 800 200 112 180
0.05 a 800 200 111 180
0.05 a 800 200 110 180
0.05 a 800 200 109 180
0.05 a 800 200 108 180
0.05 a 800 200 107 180
0.05 a 800 200 106 180
0.05 a 800 200 105 180
0.05 a 800 200 104 180
0.05 a 800 200 103 180
0.05 a 800 200 102 180
0.05 a 800 200 101 180
0.05 a 800 200 100 180
0.05 a 800 200 99 180
0.05 a 800 200 98 180
0.05 a 800 200 97 180
0.05 a 800 200 96 180
0.05 a 800 200 95 180
0.05 a 800 200 94 180
0.05 a 800 200 93 180
0.05 a 800 200 92 180
0.05 a 800 200 91 180
0.05 a 800 200 90 180